# 1000 runs, 100000 games per run (12 tiles)
# Array values are win proportions per run for player 1 (player 1: least tiles strategy, player 2: random strategy)

win_proportions <- c(0.79164, 0.79169, 0.7915, 0.79088, 0.79244, 0.79251, 0.79146, 0.79388, 0.79096, 0.79353, 0.792, 0.79263, 0.79341, 0.7939, 0.7906, 0.79078, 0.7902, 0.79151, 0.7935, 0.79045, 0.7919, 0.79284, 0.79129, 0.79171, 0.7897, 0.79262, 0.792, 0.79169, 0.79397, 0.79127, 0.79088, 0.79137, 0.79314, 0.79348, 0.79248, 0.793, 0.7937, 0.79284, 0.79106, 0.79377, 0.79088, 0.79128, 0.79171, 0.79227, 0.79071, 0.79324, 0.79099, 0.78983, 0.79218, 0.79194, 0.79207, 0.79253, 0.7925, 0.79192, 0.79207, 0.79288, 0.79088, 0.79201, 0.79089, 0.79297, 0.79246, 0.78988, 0.79371, 0.79167, 0.79345, 0.79379, 0.78879, 0.79264, 0.79476, 0.79269, 0.79229, 0.79203, 0.79159, 0.79232, 0.79425, 0.79243, 0.79349, 0.79286, 0.79104, 0.79141, 0.79316, 0.79234, 0.79334, 0.79298, 0.79187, 0.79192, 0.79178, 0.79184, 0.79076, 0.79203, 0.7932, 0.79235, 0.79147, 0.79197, 0.78962, 0.78949, 0.79481, 0.79234, 0.79174, 0.79203, 0.79025, 0.7925, 0.79087, 0.79175, 0.7919, 0.79266, 0.79287, 0.79065, 0.79158, 0.79189, 0.79286, 0.78929, 0.79261, 0.79318, 0.79135, 0.7937, 0.78964, 0.79074, 0.79224, 0.79218, 0.79084, 0.79359, 0.79182, 0.7929, 0.79056, 0.79196, 0.7929, 0.79011, 0.78984, 0.79078, 0.79251, 0.7918, 0.7938, 0.79137, 0.79472, 0.78985, 0.79131, 0.79297, 0.79101, 0.78953, 0.79033, 0.79325, 0.78962, 0.79116, 0.79354, 0.79319, 0.79288, 0.79063, 0.79335, 0.78984, 0.79171, 0.79469, 0.79128, 0.79143, 0.7927, 0.79077, 0.79255, 0.79192, 0.79581, 0.79254, 0.79167, 0.79124, 0.7902, 0.79342, 0.79383, 0.79415, 0.7883, 0.79355, 0.79183, 0.79222, 0.78949, 0.79136, 0.79112, 0.79281, 0.79255, 0.79155, 0.7903, 0.79214, 0.79135, 0.79275, 0.792, 0.79181, 0.79219, 0.79281, 0.79336, 0.79116, 0.79052, 0.79283, 0.79568, 0.79106, 0.79186, 0.79194, 0.79387, 0.79105, 0.79075, 0.79205, 0.78942, 0.79298, 0.79404, 0.79141, 0.79133, 0.79337, 0.79078, 0.79101, 0.79119, 0.79108, 0.79243, 0.78966, 0.79229, 0.79058, 0.79216, 0.79314, 0.79473, 0.79416, 0.79193, 0.79236, 0.79139, 0.79269, 0.792, 0.79312, 0.79123, 0.79075, 0.79252, 0.79052, 0.79267, 0.79112, 0.79156, 0.7918, 0.79171, 0.79383, 0.79162, 0.79339, 0.79075, 0.79234, 0.79387, 0.79383, 0.79021, 0.79397, 0.79035, 0.79126, 0.79041, 0.79268, 0.79159, 0.78994, 0.79182, 0.79246, 0.79447, 0.79167, 0.79255, 0.79102, 0.78902, 0.79325, 0.78974, 0.7902, 0.79251, 0.7924, 0.79057, 0.79338, 0.79093, 0.79262, 0.79238, 0.79035, 0.79231, 0.79111, 0.79087, 0.79267, 0.79158, 0.79107, 0.79283, 0.79068, 0.79278, 0.79195, 0.7944, 0.79175, 0.79388, 0.79174, 0.79352, 0.79059, 0.79232, 0.79106, 0.79142, 0.79172, 0.79214, 0.79332, 0.79518, 0.79168, 0.79082, 0.7919, 0.79117, 0.79201, 0.79146, 0.79294, 0.7908, 0.79179, 0.79297, 0.7907, 0.79297, 0.79334, 0.79139, 0.79031, 0.79286, 0.79229, 0.79224, 0.79254, 0.79457, 0.79133, 0.79267, 0.79079, 0.79063, 0.7909, 0.7923, 0.79101, 0.79053, 0.79241, 0.79147, 0.79226, 0.79299, 0.79461, 0.79086, 0.79094, 0.79305, 0.79305, 0.79009, 0.7929, 0.79233, 0.79253, 0.78985, 0.79298, 0.79158, 0.79291, 0.79174, 0.79239, 0.79196, 0.79111, 0.79132,
                     0.79147, 0.79461, 0.79186, 0.7911, 0.79161, 0.7936, 0.79099, 0.79181, 0.79238, 0.79062, 0.79337, 0.79176, 0.7928, 0.79341, 0.7927, 0.79227, 0.79416, 0.79179, 0.79271, 0.79115, 0.79159, 0.79315, 0.79424, 0.79087, 0.79175, 0.79176, 0.79257, 0.79184, 0.79076, 0.79347, 0.78899, 0.79319, 0.79188, 0.79264, 0.79103, 0.79219, 0.79225, 0.79073, 0.79096, 0.79266, 0.79579, 0.7913, 0.79184, 0.79342, 0.79273, 0.79199, 0.79237, 0.79446, 0.79332, 0.7937, 0.7916, 0.79307, 0.79361, 0.78893, 0.79455, 0.79152, 0.79146, 0.79341, 0.79266, 0.79123, 0.79135, 0.79044, 0.79332, 0.79025, 0.79291, 0.79336, 0.7927, 0.79089, 0.79162, 0.79223, 0.79372, 0.79228, 0.79183, 0.79301, 0.79223, 0.78956, 0.78938, 0.79175, 0.79073, 0.7925, 0.79147, 0.78906, 0.79047, 0.7914, 0.79103, 0.79085, 0.79176, 0.7903, 0.79104, 0.79413, 0.7907, 0.79206, 0.7921, 0.79111, 0.79292, 0.78916, 0.7911, 0.79346, 0.79341, 0.79241, 0.79343, 0.79079, 0.79381, 0.79137, 0.78926, 0.79346, 0.79273, 0.79091, 0.79024, 0.79108, 0.79151, 0.79146, 0.79447, 0.79101, 0.79231, 0.79243, 0.79067, 0.79231, 0.79307, 0.79139, 0.79083, 0.7915, 0.79328, 0.7918, 0.79132, 0.79464, 0.79006, 0.79058, 0.79097, 0.79226, 0.79373, 0.79177, 0.79184, 0.79338, 0.78988, 0.79377, 0.79157, 0.79122, 0.79151, 0.79167, 0.79237, 0.79178, 0.79315, 0.79342, 0.7904, 0.79182, 0.79285, 0.79136, 0.791, 0.79101, 0.79122, 0.79444, 0.79127, 0.79249, 0.79103, 0.79234, 0.79084, 0.79295, 0.79248, 0.79043, 0.7921, 0.79068, 0.79119, 0.79301, 0.792, 0.79054, 0.79199, 0.79183, 0.79186, 0.79184, 0.79102, 0.79248, 0.79227, 0.79056, 0.79391, 0.79158, 0.79173, 0.79323, 0.79201, 0.79141, 0.7898, 0.79224, 0.79174, 0.79267, 0.79301, 0.79153, 0.79482, 0.79208, 0.78994, 0.79227, 0.79168, 0.79102, 0.79105, 0.79338, 0.79236, 0.79162, 0.78979, 0.79229, 0.79161, 0.79142, 0.7903, 0.79116, 0.79085, 0.79105, 0.79042, 0.79131, 0.79195, 0.79398, 0.7932, 0.78949, 0.79241, 0.78993, 0.7921, 0.7918, 0.79175, 0.79396, 0.79163, 0.79192, 0.79235, 0.79065, 0.7899, 0.79167, 0.78983, 0.79286, 0.79341, 0.79003, 0.7927, 0.79123, 0.79279, 0.79253, 0.79162, 0.79178, 0.79212, 0.79107, 0.79025, 0.79048, 0.79165, 0.79132, 0.78922, 0.79118, 0.79228, 0.79221, 0.79156, 0.79091, 0.79051, 0.79294, 0.7934, 0.79361, 0.79106, 0.79261, 0.79234, 0.7897, 0.7921, 0.79228, 0.7919, 0.79425, 0.79273, 0.79241, 0.79367, 0.79189, 0.79155, 0.79169, 0.79231, 0.79362, 0.79173, 0.79272, 0.79415, 0.79001, 0.79265, 0.79127, 0.79231, 0.79275, 0.79153, 0.79217, 0.78967, 0.79286, 0.79235, 0.79019, 0.79083, 0.79458, 0.79128, 0.79287, 0.79252, 0.79032, 0.78883, 0.79316, 0.79033, 0.79068, 0.79154, 0.79087, 0.79189, 0.79121, 0.79027, 0.79188, 0.7931, 0.79264, 0.79204, 0.79233, 0.79394, 0.79267, 0.79124, 0.79353, 0.79169, 0.79164, 0.7925, 0.79124, 0.79499, 0.79172, 0.79181, 0.79177, 0.79127, 0.7924, 0.79112, 0.79546, 0.79127, 0.79338, 0.79082, 0.79366, 0.79164, 0.7921, 0.79542, 0.79008, 0.79161, 0.79205, 0.79275, 0.79294, 0.79388, 0.79421, 0.79242, 0.79166, 0.79345,
